165
308
529
532
1107
1298
1451
1762
1804
1994
2244
2342
2411
2448
2964
3234
3461
3532
3729
3967
4032
4377
4702
5424
5614
5809
5967
6026
6327
6935
6943
7853
7945
7953
8320
9017
9025
9231
9372
9774
9797
10414
10727
12377
12382
12524
12810
13284
13901
14159
14483
14764
14768
15273
15809
16038
16089
16342
16531
16814
17586
17997
18370
18402
18542
18554
19489
19694
20156
20651
20983
21248
21780
22411
22777
23539
23914
23984
24026
24105
24154
24716
24763
24794
25060
25414
26702
26764
27070
27293
27424
27679
28229
28976
29752
29761
29821
29915
30139
30142
30631
30693
30838
30997
31230
32544
32757
32845
33127
33297
34104
34491
34739
34810
34882
35045
35473
35964
35985
36546
36606
37157
37286
37377
37429
37748
38326
38417
39016
39138
39258
39911
40735
40912
41259
41433
41745
41818
42429
43163
43191
43264
43270
43629
43664
44047
44792
45146
45299
45359
45468
45599
46592
47175
47221
47235
47290
47451
47502
47774
47792
48267
48572
49079
50031
50061
50161
50305
50945
51001
51045
51083
51222
51359
51630
51965
52248
52270
53169
53339
53417
53660
53975
54052
54260
54262
54375
54402
54411
55269
55317
55578
55608
55733
55912
56006
56456
56473
56677
56859
57199
57614
57772
57930
58041
58153
58171
58343
58609
58677
58801
59106
59229
59244
59367
59385
60136
60182
60319
60684
60706
61144
61375
61478
61697
61760
61779
61809
61834
62048
62057
62446
62691
62896
63166
63873
64239
64797
65163
65198
65206
65425
65776
65957
65979
66234
66669
66877
67200
67438
67462
67615
67982
67988
68159
68444
68947
69488
69770
70740
71138
71675
71911
72701
72923
72986
73367
73824
74428
74429
74549
74574
74794
74840
75590
75726
75843
75924
76203
76578
76988
77012
77517
77854
78536
78642
78650
79873
80082
80305
80521
80691
81065
81200
81363
81476
83005
83034
83456
83815
83818
84114
84449
84536
84896
85549
85657
86217
86267
86668
87705
88200
88330
88609
88613
89248
89298
89571
89829
90151
90444
90862
91666
92089
92230
92685
92835
93621
94179
94957
95111
95210
95308
95349
95518
95873
96250
96808
96854
97248
97895
98034
99040
99451
99678
100753
101697
101814
101832
102066
102208
102281
102506
102610
102655
102734
102879
103234
103575
103589
103865
104028
104075
104126
104344
104410
104756
105515
105589
105620
105733
105800
105859
105888
106290
106315
106750
107009
107394
107880
108101
108123
108164
109088
109114
109477
109820
109825
109895
110855
110894
111224
111319
111680
111772
111936
112226
114034
114353
114815
116088
116147
116286
116326
116397
116723
117366
117428
118186
119560
119594
119714
120006
120088
120670
120926
121181
121237
121749
121762
121903
122099
122105
122116
122147
122343
122469
122511
122811
122959
123262
123421
123692
123892
123920
124311
124331
124471
125603
125658
125774
125908
126001
126135
127084
127214
128127
128337
128539
128615
128691
128826
128848
128963
129006
129753
129782
130065
130851
131315
131342
131678
131697
132493
132571
132746
133294
133730
133940
134072
134169
135348
135367
136002
136331
136836
136949
137704
138385
138961
139339
139526
139571
140108
140118
140284
140322
140349
140563
140954
140992
141554
142689
142824
142946
143123
143258
143521
144666
144754
144772
144812
144851
145087
145188
145192
145360
145845
145911
146907
147187
148373
148924
148937
149388
149539
149598
149938
150037
150197
150421
150924
151214
152529
153041
153824
154124
154345
156125
156128
156151
156296
156709
156824
156827
156943
157029
157371
157704
157793
158501
158897
158899
159953
159987
160152
160171
160273
160516
160648
160852
160932
160968
161897
162077
162419
162963
163054
164423
164676
165291
165395
165562
166067
166430
166525
166653
166678
166750
167075
167184
167813
168366
168521
169116
169217
169282
169600
169725
169959
170451
170584
170636
171142
171158
171429
172121
172233
173451
173680
173856
174135
174399
174774
175011
175135
175237
175336
175362
175805
175946
176671
176810
177011
177214
177829
177915
177939
177950
178774
179164
179725
180197
180771
180978
181103
181343
181769
181829
181906
182377
182710
183088
183445
183585
183611
183646
184319
184470
184713
185334
185513
185716
186155
186247
186526
186684
186888
186933
187425
187432
187582
187752
188587
188623
188658
188831
189330
189459
189660
189810
189864
190509
190612
190617
190646
190732
190796
190828
190831
190939
191293
191477
192081
192301
192400
192524
193495
193640
194193
195351
195885
196134
196138
196491
197243
197525
197650
198064
198072
198547
198621
198947
199326
199721
200311
200404
200724
200764
201010
201706
201724
201738
202307
202657
202681
202805
203108
203349
203459
203655
204225
204321
204333
204556
205299
205443
205564
205607
205700
206039
207083
207097
207225
207381
207815
208086
208243
208256
208845
209603
209667
209844
210751
210844
211185
211388
211622
212091
212247
212532
212685
212814
213005
213036
213677
213863
214524
214908
215012
215026
215070
215224
215718
215732
215881
217151
217276
217855
218201
218775
219457
219633
220082
220139
220505
221252
221335
221509
221625
221903
222003
222024
222640
222791
222928
222964
223270
223511
223595
223836
223871
224052
224677
224805
224825
225015
225036
225265
225579
226075
226102
226176
226712
226817
226966
227003
227035
227185
227205
227512
228603
229398
229596
229827
229896
229976
230164
230484
230572
230966
232809
232819
233153
233517
233873
234162
234285
234474
234916
234957
235316
235403
235429
235532
235949
236224
236718
237514
237611
237818
238070
238757
239181
239263
239396
239581
239752
239771
240057
240344
240527
240965
241214
241265
242583
243019
243907
244026
244836
246553
246755
246932
247269
247451
247604
247919
248337
248579
248769
248835
248932
249076
249086
249348
249397
249968
250385
250588
250929
251523
252084
252188
252779
253202
253251
253784
253829
254032
254078
254266
254615
255124
255197
255522
255669
256215
256353
257946
257976
258040
258248
258488
258690
259060
259719
260116
260134
260223
260729
260772
261202
261298
261521
261759
261785
261990
262001
262399
262848
263703
263878
263924
265273
265292
265356
265414
266441
266816
266898
267256
267324
267719
267898
268141
268481
268622
268866
269245
269483
269650
270688
271112
271231
271729
271814
272058
272162
273053
273279
273887
274556
275450
275663
275707
276283
276639
276671
277267
277848
278115
278414
279147
279401
279415
279882
279929
281488
281743
282069
282415
282527
282568
283377
283382
284195
284578
285194
285634
286061
286159
286482
286614
286745
286910
287374
287415
287541
287608
287718
287881
288052
288506
288610
288889
289005
289095
289332
289696
289894
291319
292226
292833
293362
293524
294409
294957
295015
295057
295068
295798
296635
296978
297104
297415
297665
297695
298071
298122
298147
298360
298473
299122
299123
299643
299779
300629
301218
301649
301730
302199
303233
303797
303815
304047
304093
304125
304314
304408
304601
304867
305055
305231
305267
305564
305624
305888
305905
306128
306275
306420
307033
307475
308139
308210
308222
308621
308792
309368
309461
310716
311620
311635
312346
312398
312420
312476
312785
312907
312943
313148
313356
313434
313724
314008
314051
314082
314734
314845
314951
315165
315411
315607
316229
316281
316542
316801
317407
317573
317990
317997
318175
318299
318381
318501
319093
319192
319685
319731
319735
319902
319907
320273
320478
321070
321310
322411
322445
322517
322698
322835
323147
323599
323896
323960
323968
324381
324507
324626
324642
324699
324904
324910
324952
325143
325154
325950
326300
326350
326496
326685
326776
326891
326947
327055
327183
327218
327369
327526
327660
329018
329841
330909
331093
331140
331198
331214
331222
331278
331331
332135
333517
333555
334139
334208
334380
334474
334920
335184
335433
335503
336242
336291
337298
337390
337689
337819
337953
338118
338119
338120
338642
338819
339687
339690
340226
340259
340535
340983
341039
341209
341383
341546
342353
342696
342996
343083
343385
343834
344138
344259
344507
344622
344735
345417
345833
346021
346049
346270
347055
347437
347789
347908
348179
348595
348684
348904
348907
349154
349698
349809
350083
350644
351141
351235
351567
351608
351622
351759
351948
352421
352654
352821
353999
354361
354772
354791
354842
355133
355425
355477
355578
356110
356184
356880
357272
357790
358253
358334
358744
359032
359339
359535
359568
359678
360179
360279
360399
360693
361130
361484
361907
362035
362399
362498
363120
364437
364917
365309
365659
365946
366048
366148
366470
366925
367092
367337
367389
367538
367967
368439
368827
369299
369369
369857
370009
370537
370682
370718
371923
372172
372319
372412
372980
373970
374258
374374
375437
375481
376085
376153
376958
377244
377339
378396
379136
379232
379261
379735
380007
380453
380455
380524
380859
380983
381684
381990
382517
382693
382695
382881
383111
383407
383460
383768
383787
384049
384078
384176
384691
384907
384961
385401
385445
385519
385913
385934
385969
386152
386414
386669
387264
387356
388031
388852
389061
389772
389935
390002
390286
390374
390414
390840
391272
391361
391488
392197
392319
392426
392747
393464
393592
393608
393629
394185
394583
394879
394891
395019
395259
395718
395735
395964
396021
396330
396495
396536
396663
396685
396862
396976
397997
398133
398172
398697
399006
399183
399354
400080
400124
400175
400744
400881
401001
401109
401778
401804
401868
401977
402020
402235
402264
402505
402770
403250
403593
403705
403798
404270
404475
404495
404666
404684
404748
404852
405215
405520
405605
405721
406004
407159
407221
407487
407711
408163
408333
408681
408838
409102
409199
409488
409771
409825
409872
409918
410024
410155
410266
410601
410648
410742
410750
410754
410966
411104
411142
411289
413615
413699
414706
414747
415365
415634
416651
416684
417210
417230
417299
417720
418517
420210
421059
421157
421529
421648
421763
422020
422270
422528
422583
422623
422792
422869
423083
423638
423711
423796
424111
424412
424485
425117
425123
425836
425912
426128
426191
426538
426585
426849
426979
427005
427051
427628
427633
428093
428208
428537
428896
429318
429437
430396
430455
430759
430925
431779
431904
431973
432170
432526
432981
432998
433212
433398
433763
434951
435326
436295
436400
437354
437607
438663
438841
439141
439288
439303
439509
439988
440097
441425
441462
441876
442043
442104
442461
443527
444315
444348
444418
444470
445503
445540
445620
446422
446463
446500
447075
447270
447487
447934
448431
448547
448653
448851
449469
449760
449776
450317
450381
451119
451248
451283
451312
451580
451698
451739
451840
451893
451902
452837
452859
453219
453409
453686
453853
454174
454755
454789
455443
455651
455856
455960
456481
457437
458172
458533
458611
458650
458756
458969
459110
459328
459465
459821
459824
459951
460362
460370
461004
461695
462398
462445
462944
463110
463189
463270
463342
463417
463467
463596
463732
464174
465243
465375
466014
466621
466828
466845
468258
468373
468493
469768
469832
469898
470004
470021
470072
470085
470267
471558
471654
471708
471863
472436
472874
473029
473348
473352
473372
473475
473726
474342
474642
474785
475236
475571
476553
476607
477005
477468
477491
478537
478582
478683
479035
479272
479361
479573
479749
480014
480107
480391
480644
481218
481284
481306
481479
481728
482295
482392
482671
482675
483011
483015
483261
483875
484278
485499
485654
485705
487139
487361
487378
487502
487559
487644
487806
488127
488203
488373
488541
488682
490385
490870
490940
491241
491277
491453
491585
491611
492096
492114
492154
492171
492399
492692
493333
493698
494409
495305
495987
496100
496261
496274
496662
496763
496942
497274
497522
498644
498786
498922
499051
499155
499598
499679
499862
500474
500585
500662
500778
500962
502015
502091
502232
502286
502916
502949
503014
503212
503416
504108
504298
504306
504744
504974
505645
505895
505949
506056
506073
506198
506199
506398
506414
506750
507342
507952
508130
508382
508467
508855
508990
509114
509509
509899
510493
511239
511842
512156
512582
512658
513449
513550
513602
513961
514030
514161
514283
514387
514559
514635
514806
515062
515333
515354
515513
515916
516471
517089
517453
518785
518957
519105
519429
519723
519768
520094
520519
520883
521182
521382
521574
521618
522416
522653
523183
523314
523473
523735
524041
524131
524286
524314
525027
525101
525615
526165
526172
526701
526729
526877
527194
527264
527267
527365
527660
527666
527822
528587
528657
528687
528707
528756
528971
529886
530097
530132
530403
530629
530772
530848
530906
531910
533011
533179
533619
533897
534593
535265
535510
536280
536609
536938
537188
537326
537774
538270
538308
538580
538872
538957
539051
539132
539632
539891
539941
540370
540728
541050
541343
541422
541553
541949
542442
542779
542881
543552
544264
544783
544968
545082
545124
545214
545428
545832
545841
545850
545859
545891
546379
546575
547459
548088
548362
548647
548889
548906
548935
549330
549605
549617
549691
549703
550000
550134
550239
550410
550512
551169
551267
551314
551364
551418
551575
551814
552354
552681
552810
552876
553038
553493
553501
554085
554691
554842
554996
555037
555080
555976
556176
556481
556698
556811
556888
557102
557105
557636
558070
558656
558804
558890
559350
559382
559482
560309
560391
560898
561529
561653
563488
563494
563803
564063
564099
564437
564508
564627
564920
564966
565379
565435
566021
566301
566499
566600
567082
567161
567396
568440
568448
569174
569261
569286
569582
569989
570568
571246
571249
571702
571773
571799
572016
572108
572508
572586
572884
572888
572960
573063
573520
573700
573825
574562
574563
574605
575294
575461
575594
576187
576496
576500
576736
576771
576895
577140
577176
577225
577399
578056
578154
578184
578459
578626
578875
578950
579366
579631
579901
580505
580600
580668
580785
581282
581419
581789
581857