925
1014
2752
6051
6709
7396
9095
9425
10161
11619
13763
14487
16056
20392
24030
24305
28766
33358
33866
35670
37986
40893
41708
41959
50583
51777
52183
53304
57866
59632
60140
61635
63573
68021
69564
69675
72717
75691
81571
82716
84230
85046
86754
88401
91234
94459
96757
100078
100209
104020
104099
109290
110811
111131
112992
115378
118535
121056
122694
124477
126028
128429
128885
129072
129334
130440
132654
132698
138131
138830
139394
146169
148639
149306
152746
153462
163692
164493
172387
174527
176478
178840
183372
183719
183940
184589
187125
187379
196676
198705
205595
205898
209993
210271
210848
212682
216391
216925
217779
219946
219958
222397
223909
223914
224695
228714
229171
229544
230889
233471
237716
238049
238860
245797
247351
248403
249770
252215
252381
253159
254009
257959
258832
259565
260794
262552
264079
264741
266963
269680
272773
273704
275625
276354
278931
282220
286414
286753
287041
291841
291889
292116
292985
293012
298287
301998
303022
308312
309024
312379
314378
316298
319201
322203
322394
328679
329738
330256
330295
334041
335366
335815
336313
336397
337079
339453
339498
343404
348436
352444
352680
355051
356079
357071
358060
358789
359872
360605
363084
363455
366089
366554
367271
371928
372498
377331
380350
380752
383553
386896
387717
388344
388421
393781
393997
396499
396670
397813
400622
401433
403133
405613
412101
413198
417143
424137
424381
424915
424979
425859
426079
427920
430624
431363
433240
434587
435814
436038
439214
440346
441532
441734
443579
448174
453231
456392
457205
459697
465945
466599
469941
470588
470893
474446
476397
476934
480532
482472
484494
485291
486262
486717
488363
488792
493438
495233
495310
497542
499865
500076
502866
503250
506075
506599
507239
508281
508504
510980
511965
512951
514435
515006
516619
517340
517460
521334
522667
526445
526522
526597
528449
531266
532342
532622
536376
538116
538534
544410
544475
548772
550518
552623
554015
556613
557399
559830
560687
561875
564267
565155
565652
570205
571654
571665
573165
573725
574251
576818
576931
579735